digraph Tree {
node [shape=box, style="filled, rounded", color="black", fontname="helvetica"] ;
edge [fontname="helvetica"] ;
0 [label=<Method &le; 7.5<br/>gini = 0.919<br/>samples = 242<br/>value = [1, 1, 9, 1, 1, 1, 1, 1, 1, 3, 1, 23, 1, 1<br/>1, 1, 8, 1, 23, 1, 1, 2, 1, 35, 7, 1, 1, 1<br/>2, 1, 5, 2, 1, 1, 1, 1, 1, 2, 19, 1, 4, 1<br/>1, 14, 1, 8, 1, 3, 1, 39, 1, 1]<br/>class = [159][160]>, fillcolor="#fefbfb"] ;
1 [label=<Year &le; 9.5<br/>gini = 0.896<br/>samples = 148<br/>value = [1, 0, 7, 1, 0, 0, 0, 0, 1, 0, 1, 10, 0, 0<br/>0, 1, 8, 0, 11, 1, 1, 1, 0, 15, 6, 1, 0, 0<br/>2, 1, 1, 2, 0, 0, 1, 0, 0, 2, 17, 0, 1, 1<br/>1, 6, 0, 5, 1, 3, 0, 36, 1, 1]<br/>class = [159][160]>, fillcolor="#fbe4e2"] ;
0 -> 1 [labeldistance=2.5, labelangle=45, headlabel="True"] ;
2 [label=<Year &le; 6.5<br/>gini = 0.824<br/>samples = 60<br/>value = [0, 0, 3, 0, 0, 0, 0, 0, 0, 0, 0, 8, 0, 0<br/>0, 0, 4, 0, 8, 0, 1, 0, 0, 3, 0, 0, 0, 0<br/>0, 0, 1, 0, 0, 0, 0, 0, 0, 0, 4, 0, 1, 0<br/>0, 2, 0, 2, 0, 0, 0, 21, 1, 1]<br/>class = [159][160]>, fillcolor="#f8d0ce"] ;
1 -> 2 ;
3 [label=<Entity &le; 42.0<br/>gini = 0.844<br/>samples = 17<br/>value = [0, 0, 3, 0, 0, 0, 0, 0, 0, 0, 0, 4, 0, 0<br/>0, 0, 0, 0, 1, 0, 1, 0, 0, 2, 0, 0, 0, 0<br/>0, 0, 0, 0, 0, 0, 0, 0, 0, 0, 2, 0, 0, 0<br/>0, 0, 0, 0, 0, 0, 0, 3, 1, 0]<br/>class = [113]>, fillcolor="#f5fdf1"] ;
2 -> 3 ;
4 [label=<gini = 0.0<br/>samples = 2<br/>value = [0, 0, 0, 0, 0, 0, 0, 0, 0, 0, 0, 0, 0, 0<br/>0, 0, 0, 0, 0, 0, 0, 0, 0, 0, 0, 0, 0, 0<br/>0, 0, 0, 0, 0, 0, 0, 0, 0, 0, 0, 0, 0, 0<br/>0, 0, 0, 0, 0, 0, 0, 2, 0, 0]<br/>class = [159][160]>, fillcolor="#e54439"] ;
3 -> 4 ;
5 [label=<Year &le; 5.5<br/>gini = 0.836<br/>samples = 15<br/>value = [0, 0, 3, 0, 0, 0, 0, 0, 0, 0, 0, 4, 0, 0<br/>0, 0, 0, 0, 1, 0, 1, 0, 0, 2, 0, 0, 0, 0<br/>0, 0, 0, 0, 0, 0, 0, 0, 0, 0, 2, 0, 0, 0<br/>0, 0, 0, 0, 0, 0, 0, 1, 1, 0]<br/>class = [113]>, fillcolor="#f3fdef"] ;
3 -> 5 ;
6 [label=<gini = 0.793<br/>samples = 11<br/>value = [0, 0, 1, 0, 0, 0, 0, 0, 0, 0, 0, 4, 0, 0<br/>0, 0, 0, 0, 1, 0, 1, 0, 0, 0, 0, 0, 0, 0<br/>0, 0, 0, 0, 0, 0, 0, 0, 0, 0, 2, 0, 0, 0<br/>0, 0, 0, 0, 0, 0, 0, 1, 1, 0]<br/>class = [113]>, fillcolor="#dff9d3"] ;
5 -> 6 ;
7 [label=<gini = 0.5<br/>samples = 4<br/>value = [0, 0, 2, 0, 0, 0, 0, 0, 0, 0, 0, 0, 0, 0<br/>0, 0, 0, 0, 0, 0, 0, 0, 0, 2, 0, 0, 0, 0<br/>0, 0, 0, 0, 0, 0, 0, 0, 0, 0, 0, 0, 0, 0<br/>0, 0, 0, 0, 0, 0, 0, 0, 0, 0]<br/>class = [102]>, fillcolor="#ffffff"] ;
5 -> 7 ;
8 [label=<Records &le; 90.0<br/>gini = 0.772<br/>samples = 43<br/>value = [0.0, 0.0, 0.0, 0.0, 0.0, 0.0, 0.0, 0.0, 0.0, 0.0<br/>0.0, 4.0, 0.0, 0.0, 0.0, 0.0, 4.0, 0.0, 7.0, 0.0<br/>0.0, 0.0, 0.0, 1.0, 0.0, 0.0, 0.0, 0.0, 0.0, 0.0<br/>1.0, 0.0, 0.0, 0.0, 0.0, 0.0, 0.0, 0.0, 2.0, 0.0<br/>1.0, 0.0, 0.0, 2.0, 0.0, 2.0, 0.0, 0.0, 0.0, 18.0<br/>0.0, 1.0]<br/>class = [159][160]>, fillcolor="#f7c6c2"] ;
2 -> 8 ;
9 [label=<Records &le; 9.0<br/>gini = 0.81<br/>samples = 11<br/>value = [0, 0, 0, 0, 0, 0, 0, 0, 0, 0, 0, 0, 0, 0<br/>0, 0, 2, 0, 3, 0, 0, 0, 0, 0, 0, 0, 0, 0<br/>0, 0, 0, 0, 0, 0, 0, 0, 0, 0, 1, 0, 0, 0<br/>0, 2, 0, 1, 0, 0, 0, 2, 0, 0]<br/>class = [121]>, fillcolor="#e9fcf2"] ;
8 -> 9 ;
10 [label=<gini = 0.444<br/>samples = 3<br/>value = [0, 0, 0, 0, 0, 0, 0, 0, 0, 0, 0, 0, 0, 0<br/>0, 0, 0, 0, 0, 0, 0, 0, 0, 0, 0, 0, 0, 0<br/>0, 0, 0, 0, 0, 0, 0, 0, 0, 0, 0, 0, 0, 0<br/>0, 1, 0, 0, 0, 0, 0, 2, 0, 0]<br/>class = [159][160]>, fillcolor="#f2a29c"] ;
9 -> 10 ;
11 [label=<gini = 0.75<br/>samples = 8<br/>value = [0, 0, 0, 0, 0, 0, 0, 0, 0, 0, 0, 0, 0, 0<br/>0, 0, 2, 0, 3, 0, 0, 0, 0, 0, 0, 0, 0, 0<br/>0, 0, 0, 0, 0, 0, 0, 0, 0, 0, 1, 0, 0, 0<br/>0, 1, 0, 1, 0, 0, 0, 0, 0, 0]<br/>class = [121]>, fillcolor="#defbec"] ;
9 -> 11 ;
12 [label=<Entity &le; 44.5<br/>gini = 0.709<br/>samples = 32<br/>value = [0, 0, 0, 0, 0, 0, 0, 0, 0, 0, 0, 4, 0, 0<br/>0, 0, 2, 0, 4, 0, 0, 0, 0, 1, 0, 0, 0, 0<br/>0, 0, 1, 0, 0, 0, 0, 0, 0, 0, 1, 0, 1, 0<br/>0, 0, 0, 1, 0, 0, 0, 16, 0, 1]<br/>class = [159][160]>, fillcolor="#f4afaa"] ;
8 -> 12 ;
13 [label=<gini = 0.0<br/>samples = 1<br/>value = [0, 0, 0, 0, 0, 0, 0, 0, 0, 0, 0, 0, 0, 0<br/>0, 0, 0, 0, 0, 0, 0, 0, 0, 0, 0, 0, 0, 0<br/>0, 0, 0, 0, 0, 0, 0, 0, 0, 0, 1, 0, 0, 0<br/>0, 0, 0, 0, 0, 0, 0, 0, 0, 0]<br/>class = [139]>, fillcolor="#c339e5"] ;
12 -> 13 ;
14 [label=<gini = 0.691<br/>samples = 31<br/>value = [0, 0, 0, 0, 0, 0, 0, 0, 0, 0, 0, 4, 0, 0<br/>0, 0, 2, 0, 4, 0, 0, 0, 0, 1, 0, 0, 0, 0<br/>0, 0, 1, 0, 0, 0, 0, 0, 0, 0, 0, 0, 1, 0<br/>0, 0, 0, 1, 0, 0, 0, 16, 0, 1]<br/>class = [159][160]>, fillcolor="#f3aca7"] ;
12 -> 14 ;
15 [label=<Records &le; 70.5<br/>gini = 0.912<br/>samples = 88<br/>value = [1.0, 0.0, 4.0, 1.0, 0.0, 0.0, 0.0, 0.0, 1.0, 0.0<br/>1.0, 2.0, 0.0, 0.0, 0.0, 1.0, 4.0, 0.0, 3.0, 1.0<br/>0.0, 1.0, 0.0, 12.0, 6.0, 1.0, 0.0, 0.0, 2.0, 1.0<br/>0.0, 2.0, 0.0, 0.0, 1.0, 0.0, 0.0, 2.0, 13.0, 0.0<br/>0.0, 1.0, 1.0, 4.0, 0.0, 3.0, 1.0, 3.0, 0.0, 15.0<br/>0.0, 0.0]<br/>class = [159][160]>, fillcolor="#fefafa"] ;
1 -> 15 ;
16 [label=<Records &le; 36.0<br/>gini = 0.885<br/>samples = 26<br/>value = [1, 0, 2, 0, 0, 0, 0, 0, 0, 0, 1, 0, 0, 0<br/>0, 0, 2, 0, 0, 1, 0, 0, 0, 6, 1, 0, 0, 0<br/>1, 1, 0, 0, 0, 0, 0, 0, 0, 0, 0, 0, 0, 1<br/>1, 1, 0, 3, 0, 0, 0, 4, 0, 0]<br/>class = [124][226]>, fillcolor="#edfcfd"] ;
15 -> 16 ;
17 [label=<Records &le; 3.5<br/>gini = 0.81<br/>samples = 11<br/>value = [0, 0, 1, 0, 0, 0, 0, 0, 0, 0, 1, 0, 0, 0<br/>0, 0, 0, 0, 0, 0, 0, 0, 0, 4, 1, 0, 0, 0<br/>1, 0, 0, 0, 0, 0, 0, 0, 0, 0, 0, 0, 0, 0<br/>1, 1, 0, 1, 0, 0, 0, 0, 0, 0]<br/>class = [124][226]>, fillcolor="#c4f4f7"] ;
16 -> 17 ;
18 [label=<gini = 0.75<br/>samples = 4<br/>value = [0, 0, 0, 0, 0, 0, 0, 0, 0, 0, 0, 0, 0, 0<br/>0, 0, 0, 0, 0, 0, 0, 0, 0, 0, 1, 0, 0, 0<br/>1, 0, 0, 0, 0, 0, 0, 0, 0, 0, 0, 0, 0, 0<br/>0, 1, 0, 1, 0, 0, 0, 0, 0, 0]<br/>class = [124][258]>, fillcolor="#ffffff"] ;
17 -> 18 ;
19 [label=<gini = 0.612<br/>samples = 7<br/>value = [0, 0, 1, 0, 0, 0, 0, 0, 0, 0, 1, 0, 0, 0<br/>0, 0, 0, 0, 0, 0, 0, 0, 0, 4, 0, 0, 0, 0<br/>0, 0, 0, 0, 0, 0, 0, 0, 0, 0, 0, 0, 0, 0<br/>1, 0, 0, 0, 0, 0, 0, 0, 0, 0]<br/>class = [124][226]>, fillcolor="#9cecf2"] ;
17 -> 19 ;
20 [label=<Records &le; 44.5<br/>gini = 0.853<br/>samples = 15<br/>value = [1, 0, 1, 0, 0, 0, 0, 0, 0, 0, 0, 0, 0, 0<br/>0, 0, 2, 0, 0, 1, 0, 0, 0, 2, 0, 0, 0, 0<br/>0, 1, 0, 0, 0, 0, 0, 0, 0, 0, 0, 0, 0, 1<br/>0, 0, 0, 2, 0, 0, 0, 4, 0, 0]<br/>class = [159][160]>, fillcolor="#fbe2e1"] ;
16 -> 20 ;
21 [label=<gini = 0.0<br/>samples = 3<br/>value = [0, 0, 0, 0, 0, 0, 0, 0, 0, 0, 0, 0, 0, 0<br/>0, 0, 0, 0, 0, 0, 0, 0, 0, 0, 0, 0, 0, 0<br/>0, 0, 0, 0, 0, 0, 0, 0, 0, 0, 0, 0, 0, 0<br/>0, 0, 0, 0, 0, 0, 0, 3, 0, 0]<br/>class = [159][160]>, fillcolor="#e54439"] ;
20 -> 21 ;
22 [label=<gini = 0.875<br/>samples = 12<br/>value = [1, 0, 1, 0, 0, 0, 0, 0, 0, 0, 0, 0, 0, 0<br/>0, 0, 2, 0, 0, 1, 0, 0, 0, 2, 0, 0, 0, 0<br/>0, 1, 0, 0, 0, 0, 0, 0, 0, 0, 0, 0, 0, 1<br/>0, 0, 0, 2, 0, 0, 0, 1, 0, 0]<br/>class = [119][120]>, fillcolor="#ffffff"] ;
20 -> 22 ;
23 [label=<Unnamed: 0 &le; 72.5<br/>gini = 0.894<br/>samples = 62<br/>value = [0, 0, 2, 1, 0, 0, 0, 0, 1, 0, 0, 2, 0, 0<br/>0, 1, 2, 0, 3, 0, 0, 1, 0, 6, 5, 1, 0, 0<br/>1, 0, 0, 2, 0, 0, 1, 0, 0, 2, 13, 0, 0, 0<br/>0, 3, 0, 0, 1, 3, 0, 11, 0, 0]<br/>class = [139]>, fillcolor="#fdf7fe"] ;
15 -> 23 ;
24 [label=<Records &le; 239.0<br/>gini = 0.879<br/>samples = 17<br/>value = [0, 0, 0, 1, 0, 0, 0, 0, 1, 0, 0, 0, 0, 0<br/>0, 1, 2, 0, 2, 0, 0, 0, 0, 4, 0, 1, 0, 0<br/>0, 0, 0, 0, 0, 0, 0, 0, 0, 0, 1, 0, 0, 0<br/>0, 1, 0, 0, 0, 1, 0, 2, 0, 0]<br/>class = [124][226]>, fillcolor="#e5fafc"] ;
23 -> 24 ;
25 [label=<gini = 0.84<br/>samples = 13<br/>value = [0, 0, 0, 1, 0, 0, 0, 0, 1, 0, 0, 0, 0, 0<br/>0, 1, 2, 0, 0, 0, 0, 0, 0, 4, 0, 0, 0, 0<br/>0, 0, 0, 0, 0, 0, 0, 0, 0, 0, 1, 0, 0, 0<br/>0, 1, 0, 0, 0, 1, 0, 1, 0, 0]<br/>class = [124][226]>, fillcolor="#dbf8fa"] ;
24 -> 25 ;
26 [label=<gini = 0.625<br/>samples = 4<br/>value = [0, 0, 0, 0, 0, 0, 0, 0, 0, 0, 0, 0, 0, 0<br/>0, 0, 0, 0, 2, 0, 0, 0, 0, 0, 0, 1, 0, 0<br/>0, 0, 0, 0, 0, 0, 0, 0, 0, 0, 0, 0, 0, 0<br/>0, 0, 0, 0, 0, 0, 0, 1, 0, 0]<br/>class = [121]>, fillcolor="#bdf6d9"] ;
24 -> 26 ;
27 [label=<Year &le; 16.0<br/>gini = 0.86<br/>samples = 45<br/>value = [0, 0, 2, 0, 0, 0, 0, 0, 0, 0, 0, 2, 0, 0<br/>0, 0, 0, 0, 1, 0, 0, 1, 0, 2, 5, 0, 0, 0<br/>1, 0, 0, 2, 0, 0, 1, 0, 0, 2, 12, 0, 0, 0<br/>0, 2, 0, 0, 1, 2, 0, 9, 0, 0]<br/>class = [139]>, fillcolor="#faeffd"] ;
23 -> 27 ;
28 [label=<gini = 0.841<br/>samples = 33<br/>value = [0, 0, 2, 0, 0, 0, 0, 0, 0, 0, 0, 2, 0, 0<br/>0, 0, 0, 0, 1, 0, 0, 0, 0, 2, 5, 0, 0, 0<br/>1, 0, 0, 0, 0, 0, 0, 0, 0, 2, 8, 0, 0, 0<br/>0, 0, 0, 0, 1, 1, 0, 8, 0, 0]<br/>class = [139]>, fillcolor="#ffffff"] ;
27 -> 28 ;
29 [label=<gini = 0.806<br/>samples = 12<br/>value = [0, 0, 0, 0, 0, 0, 0, 0, 0, 0, 0, 0, 0, 0<br/>0, 0, 0, 0, 0, 0, 0, 1, 0, 0, 0, 0, 0, 0<br/>0, 0, 0, 2, 0, 0, 1, 0, 0, 0, 4, 0, 0, 0<br/>0, 2, 0, 0, 0, 1, 0, 1, 0, 0]<br/>class = [139]>, fillcolor="#f3d7fa"] ;
27 -> 29 ;
30 [label=<Year &le; 2.5<br/>gini = 0.903<br/>samples = 94<br/>value = [0.0, 1.0, 2.0, 0.0, 1.0, 1.0, 1.0, 1.0, 0.0, 3.0<br/>0.0, 13.0, 1.0, 1.0, 1.0, 0.0, 0.0, 1.0, 12.0, 0.0<br/>0.0, 1.0, 1.0, 20.0, 1.0, 0.0, 1.0, 1.0, 0.0, 0.0<br/>4.0, 0.0, 1.0, 1.0, 0.0, 1.0, 1.0, 0.0, 2.0, 1.0<br/>3.0, 0.0, 0.0, 8.0, 1.0, 3.0, 0.0, 0.0, 1.0, 3.0<br/>0.0, 0.0]<br/>class = [124][226]>, fillcolor="#eefcfd"] ;
0 -> 30 [labeldistance=2.5, labelangle=-45, headlabel="False"] ;
31 [label=<Unnamed: 0 &le; 231.5<br/>gini = 0.449<br/>samples = 7<br/>value = [0, 0, 0, 0, 0, 0, 0, 0, 0, 0, 0, 5, 0, 0<br/>0, 0, 0, 0, 0, 0, 0, 1, 0, 0, 0, 0, 0, 0<br/>0, 0, 0, 0, 0, 0, 0, 0, 0, 0, 0, 0, 0, 0<br/>0, 0, 0, 1, 0, 0, 0, 0, 0, 0]<br/>class = [113]>, fillcolor="#9fee7b"] ;
30 -> 31 ;
32 [label=<gini = 0.0<br/>samples = 5<br/>value = [0, 0, 0, 0, 0, 0, 0, 0, 0, 0, 0, 5, 0, 0<br/>0, 0, 0, 0, 0, 0, 0, 0, 0, 0, 0, 0, 0, 0<br/>0, 0, 0, 0, 0, 0, 0, 0, 0, 0, 0, 0, 0, 0<br/>0, 0, 0, 0, 0, 0, 0, 0, 0, 0]<br/>class = [113]>, fillcolor="#6fe539"] ;
31 -> 32 ;
33 [label=<Method &le; 11.5<br/>gini = 0.5<br/>samples = 2<br/>value = [0, 0, 0, 0, 0, 0, 0, 0, 0, 0, 0, 0, 0, 0<br/>0, 0, 0, 0, 0, 0, 0, 1, 0, 0, 0, 0, 0, 0<br/>0, 0, 0, 0, 0, 0, 0, 0, 0, 0, 0, 0, 0, 0<br/>0, 0, 0, 1, 0, 0, 0, 0, 0, 0]<br/>class = [124]>, fillcolor="#ffffff"] ;
31 -> 33 ;
34 [label=<gini = 0.0<br/>samples = 1<br/>value = [0, 0, 0, 0, 0, 0, 0, 0, 0, 0, 0, 0, 0, 0<br/>0, 0, 0, 0, 0, 0, 0, 1, 0, 0, 0, 0, 0, 0<br/>0, 0, 0, 0, 0, 0, 0, 0, 0, 0, 0, 0, 0, 0<br/>0, 0, 0, 0, 0, 0, 0, 0, 0, 0]<br/>class = [124]>, fillcolor="#39e5c8"] ;
33 -> 34 ;
35 [label=<gini = 0.0<br/>samples = 1<br/>value = [0, 0, 0, 0, 0, 0, 0, 0, 0, 0, 0, 0, 0, 0<br/>0, 0, 0, 0, 0, 0, 0, 0, 0, 0, 0, 0, 0, 0<br/>0, 0, 0, 0, 0, 0, 0, 0, 0, 0, 0, 0, 0, 0<br/>0, 0, 0, 1, 0, 0, 0, 0, 0, 0]<br/>class = [152]>, fillcolor="#e5397e"] ;
33 -> 35 ;
36 [label=<Year &le; 9.5<br/>gini = 0.901<br/>samples = 87<br/>value = [0, 1, 2, 0, 1, 1, 1, 1, 0, 3, 0, 8, 1, 1<br/>1, 0, 0, 1, 12, 0, 0, 0, 1, 20, 1, 0, 1, 1<br/>0, 0, 4, 0, 1, 1, 0, 1, 1, 0, 2, 1, 3, 0<br/>0, 8, 1, 2, 0, 0, 1, 3, 0, 0]<br/>class = [124][226]>, fillcolor="#eafbfc"] ;
30 -> 36 ;
37 [label=<Unnamed: 0 &le; 308.5<br/>gini = 0.781<br/>samples = 40<br/>value = [0, 0, 2, 0, 0, 0, 0, 0, 0, 2, 0, 5, 0, 0<br/>0, 0, 0, 0, 10, 0, 0, 0, 0, 14, 0, 0, 0, 0<br/>0, 0, 4, 0, 0, 0, 0, 0, 0, 0, 2, 0, 0, 0<br/>0, 0, 0, 1, 0, 0, 0, 0, 0, 0]<br/>class = [124][226]>, fillcolor="#e5fafc"] ;
36 -> 37 ;
38 [label=<Sources &le; 28.5<br/>gini = 0.742<br/>samples = 36<br/>value = [0, 0, 2, 0, 0, 0, 0, 0, 0, 2, 0, 5, 0, 0<br/>0, 0, 0, 0, 10, 0, 0, 0, 0, 14, 0, 0, 0, 0<br/>0, 0, 0, 0, 0, 0, 0, 0, 0, 0, 2, 0, 0, 0<br/>0, 0, 0, 1, 0, 0, 0, 0, 0, 0]<br/>class = [124][226]>, fillcolor="#e1f9fb"] ;
37 -> 38 ;
39 [label=<gini = 0.198<br/>samples = 9<br/>value = [0, 0, 0, 0, 0, 0, 0, 0, 0, 0, 0, 0, 0, 0<br/>0, 0, 0, 0, 1, 0, 0, 0, 0, 8, 0, 0, 0, 0<br/>0, 0, 0, 0, 0, 0, 0, 0, 0, 0, 0, 0, 0, 0<br/>0, 0, 0, 0, 0, 0, 0, 0, 0, 0]<br/>class = [124][226]>, fillcolor="#52dfe8"] ;
38 -> 39 ;
40 [label=<gini = 0.787<br/>samples = 27<br/>value = [0, 0, 2, 0, 0, 0, 0, 0, 0, 2, 0, 5, 0, 0<br/>0, 0, 0, 0, 9, 0, 0, 0, 0, 6, 0, 0, 0, 0<br/>0, 0, 0, 0, 0, 0, 0, 0, 0, 0, 2, 0, 0, 0<br/>0, 0, 0, 1, 0, 0, 0, 0, 0, 0]<br/>class = [121]>, fillcolor="#e3fbef"] ;
38 -> 40 ;
41 [label=<gini = 0.0<br/>samples = 4<br/>value = [0, 0, 0, 0, 0, 0, 0, 0, 0, 0, 0, 0, 0, 0<br/>0, 0, 0, 0, 0, 0, 0, 0, 0, 0, 0, 0, 0, 0<br/>0, 0, 4, 0, 0, 0, 0, 0, 0, 0, 0, 0, 0, 0<br/>0, 0, 0, 0, 0, 0, 0, 0, 0, 0]<br/>class = [126]>, fillcolor="#3950e5"] ;
37 -> 41 ;
42 [label=<Entity &le; 168.0<br/>gini = 0.931<br/>samples = 47<br/>value = [0.0, 1.0, 0.0, 0.0, 1.0, 1.0, 1.0, 1.0, 0.0, 1.0<br/>0.0, 3.0, 1.0, 1.0, 1.0, 0.0, 0.0, 1.0, 2.0, 0.0<br/>0.0, 0.0, 1.0, 6.0, 1.0, 0.0, 1.0, 1.0, 0.0, 0.0<br/>0.0, 0.0, 1.0, 1.0, 0.0, 1.0, 1.0, 0.0, 0.0, 1.0<br/>3.0, 0.0, 0.0, 8.0, 1.0, 1.0, 0.0, 0.0, 1.0, 3.0<br/>0.0, 0.0]<br/>class = [149][150]>, fillcolor="#fef5fb"] ;
36 -> 42 ;
43 [label=<Sources &le; 40.0<br/>gini = 0.918<br/>samples = 30<br/>value = [0, 0, 0, 0, 1, 1, 1, 1, 0, 1, 0, 2, 1, 1<br/>1, 0, 0, 0, 0, 0, 0, 0, 1, 6, 1, 0, 1, 0<br/>0, 0, 0, 0, 0, 0, 0, 0, 1, 0, 0, 0, 3, 0<br/>0, 3, 1, 1, 0, 0, 1, 1, 0, 0]<br/>class = [124][226]>, fillcolor="#e9fbfc"] ;
42 -> 43 ;
44 [label=<gini = 0.735<br/>samples = 7<br/>value = [0, 0, 0, 0, 0, 0, 1, 1, 0, 0, 0, 0, 0, 1<br/>0, 0, 0, 0, 0, 0, 0, 0, 1, 0, 0, 0, 0, 0<br/>0, 0, 0, 0, 0, 0, 0, 0, 0, 0, 0, 0, 0, 0<br/>0, 3, 0, 0, 0, 0, 0, 0, 0, 0]<br/>class = [149][150]>, fillcolor="#f6bde1"] ;
43 -> 44 ;
45 [label=<gini = 0.885<br/>samples = 23<br/>value = [0, 0, 0, 0, 1, 1, 0, 0, 0, 1, 0, 2, 1, 0<br/>1, 0, 0, 0, 0, 0, 0, 0, 0, 6, 1, 0, 1, 0<br/>0, 0, 0, 0, 0, 0, 0, 0, 1, 0, 0, 0, 3, 0<br/>0, 0, 1, 1, 0, 0, 1, 1, 0, 0]<br/>class = [124][226]>, fillcolor="#e1f9fb"] ;
43 -> 45 ;
46 [label=<Year &le; 18.0<br/>gini = 0.858<br/>samples = 17<br/>value = [0, 1, 0, 0, 0, 0, 0, 0, 0, 0, 0, 1, 0, 0<br/>0, 0, 0, 1, 2, 0, 0, 0, 0, 0, 0, 0, 0, 1<br/>0, 0, 0, 0, 1, 1, 0, 1, 0, 0, 0, 1, 0, 0<br/>0, 5, 0, 0, 0, 0, 0, 2, 0, 0]<br/>class = [149][150]>, fillcolor="#fad7ed"] ;
42 -> 46 ;
47 [label=<gini = 0.711<br/>samples = 11<br/>value = [0, 1, 0, 0, 0, 0, 0, 0, 0, 0, 0, 0, 0, 0<br/>0, 0, 0, 1, 2, 0, 0, 0, 0, 0, 0, 0, 0, 0<br/>0, 0, 0, 0, 0, 0, 0, 0, 0, 0, 0, 0, 0, 0<br/>0, 5, 0, 0, 0, 0, 0, 2, 0, 0]<br/>class = [149][150]>, fillcolor="#f6bde1"] ;
46 -> 47 ;
48 [label=<gini = 0.833<br/>samples = 6<br/>value = [0, 0, 0, 0, 0, 0, 0, 0, 0, 0, 0, 1, 0, 0<br/>0, 0, 0, 0, 0, 0, 0, 0, 0, 0, 0, 0, 0, 1<br/>0, 0, 0, 0, 1, 1, 0, 1, 0, 0, 0, 1, 0, 0<br/>0, 0, 0, 0, 0, 0, 0, 0, 0, 0]<br/>class = [113]>, fillcolor="#ffffff"] ;
46 -> 48 ;
}
