              precision    recall  f1-score   support

           0       0.00      0.00      0.00         1
           1       1.00      1.00      1.00         1
           2       0.00      0.00      0.00         1
           3       0.00      0.00      0.00         1
           4       0.00      0.00      0.00         1
           5       0.00      0.00      0.00         1
           6       1.00      1.00      1.00         1
           7       1.00      0.85      0.92        13
           8       1.00      1.00      1.00         1
           9       0.00      0.00      0.00         1
          10       1.00      1.00      1.00         1
          11       1.00      1.00      1.00         1
          12       1.00      1.00      1.00         1
          13       1.00      1.00      1.00         1
          14       0.00      0.00      0.00         1
          15       1.00      1.00      1.00         1
          16       1.00      0.75      0.86         4
          17       0.50      1.00      0.67         1
          18       0.74      0.66      0.69        38
          19       1.00      1.00      1.00         1
          20       1.00      1.00      1.00         1
          21       1.00      1.00      1.00         1
          22       1.00      1.00      1.00         1
          23       0.73      0.73      0.73        11
          24       1.00      1.00      1.00         1
          25       0.71      0.83      0.76        29
          26       1.00      1.00      1.00         1
          27       0.50      0.50      0.50         2
          28       1.00      1.00      1.00         2
          29       1.00      1.00      1.00         1
          30       0.75      0.89      0.82        47
          31       0.00      0.00      0.00         1
          32       0.78      0.88      0.82         8
          33       0.00      0.00      0.00         1
          34       1.00      1.00      1.00         1
          35       1.00      1.00      1.00         1
          36       1.00      1.00      1.00         1
          37       1.00      0.67      0.80         3
          38       0.50      1.00      0.67         1
          39       0.75      0.86      0.80         7
          40       0.00      0.00      0.00         1
          41       1.00      1.00      1.00         2
          42       1.00      1.00      1.00         1
          43       1.00      1.00      1.00         1
          44       1.00      1.00      1.00         1
          45       0.50      1.00      0.67         1
          46       1.00      1.00      1.00         1
          47       0.67      0.67      0.67         3
          48       0.62      0.74      0.68        27
          49       0.00      0.00      0.00         1
          50       1.00      0.50      0.67         2
          51       0.86      0.75      0.80         8
          52       1.00      1.00      1.00         1
          53       0.00      0.00      0.00         1
          54       1.00      1.00      1.00         1
          55       0.82      0.74      0.78        19
          56       0.00      0.00      0.00         2
          57       0.00      0.00      0.00         1
          58       0.00      0.00      0.00         2
          59       1.00      1.00      1.00         1
          60       1.00      0.67      0.80        12
          61       1.00      1.00      1.00         1
          62       1.00      0.43      0.60         7
          63       0.50      1.00      0.67         1
          64       0.68      0.85      0.76        53
          65       1.00      1.00      1.00         1
          66       0.00      0.00      0.00         1
          67       1.00      1.00      1.00         1

    accuracy                           0.76       347
   macro avg       0.69      0.69      0.68       347
weighted avg       0.74      0.76      0.74       347
